21.6997 
31.9843 
25.5688 
2.54627 
1.8751 
1.55258 
1.14517 
3.6037 
1.70326 
1.08916 
0.749258 
1.83571 
1.09886 
0.844887 
1.0524 
3.63447 
2.33995 
3.91265 
2.89592 
2.05241 
1.04691 
0.726723 
1.63467 
1.26519 
7.16158 
5.17144 
28.1091 
1.67935 
1.73515 
26.0456 
3.07142 
4.85862 
28.5954 
2.22767 
2.12723 
25.6587 
1.17312 
0.555157 
25.1758 
7.38066 
6.07432 
24.7021 
4.32677 
4.40457 
25.4027 
1.38935 
1.41449 
26.0512 
1.01096 
0.977902 
25.5103 
0.648359 
0.995162 
1.70557 
3.25565 
2.13334 
2.37584 
3.26361 
4.04298 
25.741 
6.06582 
5.42741 
6.25051 
2.85621 
2.63459 
1.1657 
1.4273 
1.89729 
1.72088 
0.237927 
0.12819 
1.26297 
1.20442 
1.77421 
1.42427 
2.24022 
1.82435 
2.46913 
1.17898 
1.37449 
1.69772 
1.73428 
2.43301 
1.8533 
3.55072 
2.95892 
1.7334 
3.17127 
2.74368 
2.00844 
3.11105 
5.43215 
1.07715 
0.0553995 
0.390339 
0.294183 
0.596338 
0.373093 
1.07755 
2.88732 
2.67357 
1.10945 
0.669989 
0.580144 
1.25748 
0.879044 
0.985102 
0.487363 
4.53082 
4.69185 
4.89566 
6.32651 
8.14139 
5.89364 
8.28764 
7.49356 
6.60988 
7.75862 
6.11302 
7.77 
5.07255 
5.26142 
6.81911 
1.82542 
1.34606 
1.03201 
1.29578 
1.13817 
1.46864 
2.36695 
2.34325 
3.77399 
1.48298 
1.82733 
1.08596 
6.62914 
6.64036 
8.21556 
7.48494 
8.18673 
5.84835 
1.61362 
1.85765 
3.10447 
5.03901 
3.97381 
3.90208 
1.16294 
1.17071 
2.54385 
2.9278 
2.04736 
3.47395 
1.20639 
0.932797 
2.01938 
2.67172 
2.45258 
2.7161 
0.52498 
0.445231 
0.129053 
3.15353 
3.87185 
3.11754 
1.01906 
1.50705 
0.52092 
2.07133 
5.06646 
4.98391 
7.43325 
3.66476 
6.34372 
4.15362 
5.22439 
2.79274 
3.09542 
2.46757 
1.58433 
4.52913 
4.66588 
4.4865 
0.901762 
1.35502 
1.28836 
0.676425 
1.39887 
1.47277 
1.59194 
2.94963 
2.16221 
1.38153 
0.807212 
1.71107 
2.80336 
2.81873 
4.89291 
0.595351 
0.222584 
0.964419 
0.206446 
0.162143 
0.238948 
1.16378 
1.99088 
0.960078 
2.90818 
1.24305 
4.27405 
1.51273 
2.9108 
1.76868 
1.26164 
0.137358 
0.853996 
5.10908 
8.21894 
6.02643 
1.69034 
0.297662 
1.56983 
11.7907 
9.01907 
10.8826 
6.34791 
5.03253 
5.7116 
7.21752 
4.75042 
6.13378 
3.89198 
2.0221 
2.96954 
0.350987 
0.979851 
0.756481 
1.94069 
2.8148 
3.54152 
17.4086 
14.1962 
13.4243 
0.0983383 
0.282694 
0.910405 
2.26039 
1.30642 
1.91143 
7.48867 
9.03282 
7.86085 
5.23257 
5.22036 
6.98284 
1.9813 
1.50114 
1.39516 
3.59301 
2.63288 
4.11566 
4.91697 
4.41945 
4.02062 
6.42459 
5.05465 
6.57696 
3.89597 
2.95229 
3.57924 
1.86571 
2.05852 
2.49337 
9.99669 
9.01255 
10.5602 
1.36829 
1.39858 
1.16992 
3.78048 
4.41384 
4.82756 
1.90293 
1.56718 
1.83766 
1.65574 
1.88 
2.13718 
0.21686 
0.177079 
2.93411 
2.91508 
2.49838 
13.1306 
9.31149 
9.90635 
42.7484 
3.40354 
2.7246 
22.3249 
2.56654 
1.39917 
8.49774 
3.49503 
8.25279 
20.5974 
2.8131 
0.532367 
2.36877 
6.51661 
2.86759 
7.7752 
4.13461 
2.18695 
0.810559 
1.32622 
0.265947 
5.41157 
1.37019 
0.544784 
4.14014 
4.32714 
5.47674 
7.69227 
12.3511 
8.8555 
18.8984 
2.21779 
1.1255 
5.04125 
2.0485 
0.510428 
4.40296 
4.67939 
9.29111 
4.15258 
0.536273 
1.22989 
0.68102 
2.81378 
3.708 
3.27333 
0.0722324 
0.8363 
0.259619 
3.04628 
1.41572 
5.36977 
0.762154 
1.78384 
0.425264 
0.974311 
1.04732 
2.25919 
4.94809 
4.61479 
7.39346 
1.95668 
2.87204 
0.878828 
1.48878 
1.03132 
3.25587 
4.79771 
3.79823 
4.96574 
1.50272 
2.69602 
0.861179 
2.73465 
2.62441 
3.76943 
3.07242 
1.20169 
3.70431 
1.02334 
0.270366 
1.50929 
4.0512 
3.10397 
4.26436 
3.74472 
2.88596 
4.55729 
1.90025 
2.83346 
1.56316 
5.23016 
4.55736 
6.42124 
0.535887 
0.608339 
0.741459 
0.516356 
0.624456 
0.72911 
6.35867 
6.84414 
5.05353 
3.52284 
2.5133 
4.08621 
3.01808 
5.31493 
2.22326 
3.71801 
2.785 
6.55985 
2.24224 
2.95739 
0.941306 
1.90918 
3.96782 
1.07981 
0.433265 
0.484738 
0.298208 
1.23667 
0.394208 
1.7514 
2.48859 
1.15735 
2.50751 
5.08495 
6.30338 
3.92728 
2.6633 
3.32651 
4.09623 
0.605747 
0.665036 
0.772816 
1.42376 
1.44732 
0.722364 
1.6048 
0.396145 
1.43454 
0.925258 
1.1322 
0.429494 
4.25897 
4.18812 
3.4646 
3.44627 
4.26925 
3.40606 
2.25428 
2.02938 
3.1322 
0.494723 
0.622265 
0.879418 
1.83416 
2.43443 
2.81383 
2.86231 
2.98256 
2.2234 
9.4266 
9.86976 
7.42444 
1.80033 
1.54533 
1.88598 
1.39514 
2.04891 
0.667826 
7.91282 
10.6442 
5.38673 
4.36542 
3.50767 
3.89166 
5.87434 
6.65998 
6.94909 
2.74471 
2.76982 
3.19716 
3.36752 
5.24235 
2.05966 
1.77192 
1.60882 
2.47836 
1.91719 
2.71709 
1.14876 
4.80424 
3.21985 
6.38743 
2.78385 
1.62047 
3.64625 
1.42392 
1.82839 
1.29282 
0.694981 
0.765687 
0.839318 
0.8998 
1.16572 
0.900178 
1.08437 
1.38014 
0.965163 
1.59161 
1.72709 
1.70198 
2.46854 
2.93972 
2.53306 
8.31868 
10.1137 
8.07757 
2.46706 
3.11769 
2.49494 
1.62266 
1.92305 
1.63901 
1.32093 
2.12696 
1.19987 
2.58069 
2.13449 
2.84879 
4.65962 
4.12506 
4.66761 
1.8109 
1.88975 
1.85925 
3.08978 
1.87361 
3.21388 
4.05267 
2.68344 
4.05026 
1.4478 
2.11969 
1.39824 
0.670255 
1.18482 
0.639918 
3.13122 
2.31616 
3.1143 
5.09139 
5.47767 
5.03858 
1.98938 
3.66486 
1.90601 
0.905631 
1.71854 
0.858511 
3.07955 
1.29786 
3.27477 
5.16974 
7.27362 
5.05363 
3.61323 
2.89104 
3.63142 
2.52824 
2.55802 
2.47146 
6.31432 
6.29827 
6.47236 
4.7707 
4.75396 
4.71647 
9.55692 
11.4878 
9.36686 
4.12645 
4.57167 
3.98448 
0.0310178 
0.392793 
0.018962 
7.93627 
8.77968 
7.86611 
1.3559 
2.16807 
1.41692 
5.86773 
6.46142 
5.92487 
3.90857 
4.72277 
3.7514 
0.914865 
0.717979 
0.908272 
5.59278 
5.56351 
5.31586 
0.329517 
0.310145 
0.352277 
11.4061 
11.294 
11.3232 
1.92296 
1.78355 
1.88115 
4.99141 
4.40394 
5.23793 
2.99931 
3.94095 
2.88865 
1.39146 
2.19743 
1.25434 
1.02928 
1.10629 
1.02351 
5.42023 
4.09322 
5.59078 
0.219792 
0.86364 
0.224913 
7.76203 
9.30418 
7.66676 
2.47732 
2.8338 
2.43151 
0.879506 
0.997155 
0.885092 
3.02719 
1.5213 
3.06443 
2.32649 
3.61175 
2.35062 
2.32746 
3.36292 
2.31913 
4.25621 
4.65561 
4.18922 
0.994487 
1.48348 
1.01185 
0.683317 
0.38429 
0.6916 
1.19164 
2.40321 
1.22935 
0.505021 
0.620127 
0.509356 
1.48973 
1.37237 
1.40528 
0.389162 
1.29103 
0.446958 
2.09527 
0.903214 
1.99273 
1.85973 
1.14985 
1.75643 
2.61998 
1.24583 
2.29102 
4.51123 
5.6246 
3.98259 
0.998424 
1.5231 
0.957712 
6.17683 
5.56767 
4.91592 
5.3313 
5.68998 
3.57752 
2.33491 
2.66169 
3.0599 
2.83356 
3.02753 
3.46809 
0.986662 
0.97631 
1.20262 
3.0314 
2.62819 
2.78211 
2.45679 
0.950119 
1.32653 
6.33141 
3.15863 
3.9516 
3.63711 
3.72936 
4.68527 
3.4997 
0.712211 
2.03891 
2.73932 
3.42138 
2.27624 
7.8281 
3.68976 
5.40606 
2.78226 
8.87436 
4.85337 
2.3023 
2.76631 
1.61043 
0.823959 
2.15045 
1.78563 
3.82965 
7.88075 
5.58116 
2.39061 
1.89628 
1.90439 
7.95513 
5.69661 
5.76346 
1.75252 
2.06308 
1.69324 
5.57979 
9.18954 
7.43654 
1.43867 
1.88061 
1.75805 
8.65741 
6.53782 
6.94265 
0.913506 
0.765596 
0.826954 
0.612803 
0.150528 
0.270984 
1.38962 
0.987238 
0.546213 
8.49675 
8.17131 
7.88122 
3.58748 
3.45605 
3.07297 
0.124806 
0.110404 
0.105244 
2.36436 
1.40655 
1.23313 
7.89382 
5.67603 
7.66847 
1.96829 
1.61312 
1.12316 
2.3874 
1.47165 
2.36284 
3.34893 
3.35943 
4.38273 
0.42268 
0.161926 
0.286739 
4.47344 
4.4315 
4.95522 
0.10079 
0.182122 
0.121911 
1.28434 
0.859578 
1.49139 
3.14143 
2.57187 
1.77498 
1.03366 
1.35111 
1.7009 
4.93323 
3.45343 
3.13044 
1.64842 
1.77163 
1.16081 
4.98602 
3.0683 
2.83138 
3.47716 
2.05288 
2.68636 
7.27278 
6.90366 
8.43332 
0.181407 
1.00297 
0.803408 
3.81281 
1.9179 
2.57575 
1.50174 
1.33654 
1.04395 
1.74356 
1.02684 
0.603857 
0.898518 
1.68873 
1.95711 
5.06302 
2.9433 
3.61862 
1.18511 
1.47035 
1.14891 
4.11535 
3.94232 
4.4672 
3.07427 
4.54375 
3.67211 
0.394228 
0.0566567 
0.147758 
1.58328 
1.068 
1.10288 
2.66611 
2.09266 
1.81637 
3.55494 
2.81882 
3.06504 
0.385186 
0.812029 
0.597147 
1.92976 
2.66947 
2.70313 
1.47273 
1.11238 
1.06418 
4.79799 
3.94904 
3.99741 
0.935819 
0.415301 
0.434045 
2.82263 
3.66386 
3.50326 
2.76596 
2.25012 
2.2779 
2.65359 
1.69856 
1.71842 
4.08474 
2.61932 
2.58084 
0.204803 
0.248492 
0.254901 
0.975224 
1.36922 
1.37118 
1.03342 
0.468887 
0.402491 
1.73893 
1.14958 
1.09457 
8.20943 
8.68432 
8.57439 
5.16617 
3.17148 
3.1001 
